0,390
0,389
0,388
0,387
0,386
34,4
34,3
34,2
34,1
34,0
0,385
0,384
0,278
0,319
0,318
0,317
0,316
33,4
33,3
33,2
33,1
33,0
32,4
32,3
32,2
32,1
32,0
31,4
31,3
31,2
31,1
31,0
30,3
30,2
30,1
30,0
29,4
29,3
29,2
29,1
29,0
28,3
28,2
28,1
28,0
27,3
27,2
27,1
27,0
0,273
0,270
26,4
26,3
26,2
26,1
26,0
0,283
25,5
25,4
25,3
25,2
25,1
25,0
24,4
24,3
24,2
0,9
24,1
24,0
23,52
23,51
23,50
23,49
23,48
23,47
23,46
23,45
23,44
23,43
23,42
23,41
23,40
23,39
23,38
23,37
23,36
23,35
3,2
10,4
10,103
10,159
10,203
10,2
10,3
11,9
11,13
11,17
11,18
11,2
11,3
9,5
9,2
9,3
8,9
8,10
8,6
8,5
8,2
8,3
12,2
12,1
12,3
20,2
20,1
20,3
19,2
19,1
19,3
11,30
11,29
11,28
11,27
11,26
11,25
11,24
11,23
11,22
11,1
11,21
10,314
